0100111
1001110
0010110
0111010
0110001
1101001
0010110
0000000
0110001
0111010
0110001
1100010
0110001
0001011
0110001
0100111
0010110
0000000
0111010
1001110
0110001
1111111
0111010
0101100
0010110
0000000
0111010
0111010
0110001
0101100
0111010
0010110
0110001
0101100
0010110
0000000
0110001
0001011
0110001
0010110
0110001
1100010
0110001
0101100
0010110
0000000
0111010
0100111
0110001
1111111
0010110
0000000
0110001
0111010
0110001
0101100
0111010
0100111
0010110
0000000
0111010
0100111
0110001
1000101
0110001
1001110
0111010
0011101
0010110
0000000
0111010
0100111
0110001
1000101
0110001
1001110
0111010
0011101
0010110
0000000
0110001
1101001
0110001
0101100
0111010
0011101
0111010
0011101
0110001
0001011
0110001
0111010
0110001
0101100
0010110
1110100
0010110
0000000
0100111
1000101
0110001
0101100
0111010
0010110
0110001
0101100
0010110
0000000
0110001
1001110
0111010
0011101
0010110
0000000
0111010
0100111
0110001
1000101
0110001
0101100
0010110
0000000
0110001
0110001
0110001
1100010
0110001
0001011
0110001
0111010
0011101
1010011
0010110
0000000
0110000
0111001
0110101
1101010
0110000
0001001
0110000
0101010
1111010
1011010
0111101
1000100
0010001
0111100
0100001
0100001
1011101
0010010
0010101
0011010
0111101
0010000
0011001
0000101
0011111
0101000
0100001
0101111
0111001
0101111
0010001
1100111
0111001
0100110
1110001
0011011
0011100
0110110
0110011
0101011
0001101
0100101
0100001
1101100
0011100
0111110
1011101
0000010
0011111
0100011
0011001
1001111
1011101
0010010
0011100
0100001
0011111
0110010
0011001
0100110
0011001
1010101
0111101
0100001
0010101
1001111
1011101
0001111
0001101
1000111
0001101
1101110
0110101
0101110
0011010
1101101
